50
Atoms. Timestep: 82500000
1 0.0375518 -0.0151537 -0.0394388
1 0.820263 0.589829 0.105144
1 1.19911 1.3866 -0.365892
1 2.03394 1.83699 -0.0428196
1 2.52457 1.01293 0.230061
1 2.10645 0.180647 -0.14476
1 1.86413 0.661901 0.702014
1 1.3804 1.48504 0.985112
1 1.13559 2.24055 1.58033
1 1.99738 2.09825 2.0597
1 2.33539 1.4662 2.75063
1 3.25529 1.61767 3.1191
1 3.28298 1.18542 2.2157
1 4.25458 0.949815 2.19591
1 4.7517 0.242418 1.69216
1 5.31743 -0.190003 0.991787
1 5.07639 0.0233747 0.0469528
1 4.28499 0.362657 0.558234
1 3.98861 0.898805 -0.238767
1 3.26067 1.32334 0.290475
1 2.88375 1.73646 -0.534781
1 3.19074 0.914822 -0.991521
1 3.31448 0.413045 -1.85023
1 3.1955 0.184555 -2.81991
1 2.24687 -0.0354026 -3.06142
1 1.44927 -0.135084 -2.46574
1 0.892461 0.660812 -2.69222
1 0.115523 0.0608972 -2.46831
1 0.200539 0.973222 -2.05953
1 -0.794211 0.977016 -2.02753
1 -1.14729 1.61884 -2.70757
1 -1.93103 1.78018 -2.10168
1 -1.17565 1.85179 -1.458
1 -1.6688 2.68428 -1.19568
1 -1.91018 3.55966 -0.779783
1 -2.2429 3.7649 -1.69562
1 -1.26214 3.96735 -1.70043
1 -0.336061 3.80978 -1.34116
1 -0.920328 4.01321 -0.553861
1 -1.16375 3.26867 0.0644041
1 -1.41945 2.44448 -0.442782
1 -0.507457 2.06721 -0.267193
1 -1.28393 2.22884 0.349064
1 -1.83803 1.68107 -0.274642
1 -2.47624 1.59203 0.501713
1 -2.58811 0.612266 0.364747
1 -2.78341 -0.196074 0.917733
1 -2.20482 -0.815539 1.45168
1 -1.49645 -0.20644 1.08747
1 -0.729373 0.171083 0.577808
